time,x,y,z,phi,theta,psi,x_velocity,y_velocity,z_velocity,phi_velocity,theta_velocity,psi_velocity,rotor_speed1,rotor_speed2,rotor_speed3,rotor_speed4
0.06,-1.61365668104e-06,-4.99367436028e-08,10.001929107,6.28285417794,0.00110151074312,0.0,-0.000120637311851,-1.45072051546e-05,0.0643015004448,-0.0198356348427,0.04103938522,0.0,423.5214307809562,427.0359949460263,426.41179158986887,424.7143156458715
0.12000000000000001,-4.2162069373e-05,-1.23665991503e-05,10.0088702389,6.28165458024,0.00429646065315,0.0,-0.00152806809714,-0.000518420475591,0.167058656271,-0.0203104666016,0.0704522966581,0.0,437.0402907027878,439.4862935830511,437.3229176446942,437.28339325288954
0.18,-0.000231525287304,-7.72178042839e-05,10.0204832071,6.28051136025,0.00828548187327,0.0,-0.00517587209168,-0.00175540208846,0.220028640678,-0.0166518128313,0.0570552569661,0.0,422.4959591678499,421.3430194742848,421.43460247058783,421.75068811995243
0.23999999999999996,-0.00073716465127,-0.000245043701354,10.0378990923,6.279547187,0.0113290595375,0.0,-0.0120327155828,-0.0039446768331,0.36046266061,-0.0149298055585,0.0334176946246,0.0,450.41561285183013,448.50173109352136,449.7226011493092,449.862130416687
0.3,-0.00168632223515,-0.000555637611606,10.0612764261,6.2784365902,0.0128859387893,0.0,-0.0197834376853,-0.00650337467039,0.41875923265,-0.0268546048862,0.00360365336173,0.0,424.9407410195671,422.3778683311896,424.1065281079142,423.0812445123018
0.36000000000000004,-0.00319357688341,-0.00107050075878,10.0934396698,6.27680405833,0.0137397071893,0.0,-0.0305292563295,-0.0108559335851,0.653241988626,-0.0279268611752,0.029773651494,0.0,476.3483300669638,478.3449910868588,478.51384556243573,478.4321074158612
0.4200000000000001,-0.00531408399714,-0.00185919606561,10.1355002108,6.27513009581,0.0152398937934,0.0,-0.0403224204997,-0.0156032262027,0.748714122536,-0.0278444692063,0.0131645617621,0.0,437.39903245804203,436.01393658300856,435.17871451629475,435.18539019797356
0.48000000000000015,-0.00814461953948,-0.00301885047963,10.1894686358,6.27315618269,0.0155520756301,0.0,-0.0541099030386,-0.0232867132556,1.05000249566,-0.0456447524524,-0.0197481989846,0.0,498.42204468257046,496.01112591984213,498.08391546516305,496.78023581826324
0.5400000000000001,-0.0116832175023,-0.00461618182679,10.2538355143,6.27074820736,0.0145846968025,0.0,-0.063742564674,-0.03019727866,1.09551604542,-0.0309190173083,-0.0097122611222,0.0,420.3238135778589,421.1926296376911,419.4516799756838,420.7274394155247
0.6000000000000002,-0.0158612767373,-0.00673856874675,10.3263029659,6.26965870031,0.0141763323162,0.0,-0.0754638974312,-0.0407139742235,1.31983219903,-0.000400570827853,-0.00154885549117,0.0,476.1218953634644,476.74608138919854,474.30514889829766,476.6429132105619
0.6600000000000003,-0.0206666394367,-0.00944545809071,10.4073511677,6.26971473865,0.0148560149886,0.0,-0.0847498644527,-0.0495130907209,1.3817006863,0.00347791359285,0.0292019638475,0.0,424.8827065483553,427.5106685918515,426.4931000418695,426.8241821045015
0.7200000000000003,-0.0260988906398,-0.0127229790953,10.4954598401,6.2702802161,0.0165178584392,0.0,-0.096514852652,-0.0596887157016,1.5550323903,0.0192462285424,0.0245048633489,0.0,461.108486448002,460.7374737334303,461.4497224919569,462.6925718461541
0.7800000000000004,-0.0322616561768,-0.0165846019513,10.5932268097,6.27187428826,0.0181405577836,0.0,-0.109076685373,-0.0688761744594,1.70365524635,0.0382119650905,0.0316938603139,0.0,453.74495995302607,454.32183111225265,454.151853799495,455.67052700749025
0.8400000000000004,-0.0393082053952,-0.0210127123067,10.7049125575,6.2739349438,0.0200524484876,0.0,-0.126054373301,-0.0784290783363,2.01869917614,0.0251995630354,0.0322045790978,0.0,502.27461794082546,502.3118930121129,504.7007449635614,503.7611076869855
0.9000000000000005,-0.0473546068735,-0.0259304830004,10.8319901162,6.27539806223,0.0225361505976,0.0,-0.142414250679,-0.0853201483839,2.21685165943,0.0227051453531,0.055319466835,0.0,469.6395274921003,471.42963538649656,471.35790613256387,471.1651531606149
0.9600000000000005,-0.0564299702196,-0.0312221966551,10.9702426426,6.27698148596,0.0257233463781,0.0,-0.160458010699,-0.0909004589446,2.39120879869,0.0328947330865,0.0483135962329,0.0,465.527985255791,464.98119554786405,463.51507228789694,464.3152396408122
1.0200000000000005,-0.0665507417957,-0.0367860264673,11.1148124382,6.27885771139,0.0288828715135,0.0,-0.17718089016,-0.0943818514935,2.42769958636,0.0278067123771,0.0601738680836,0.0,421.03529832836654,422.062090725672,422.7304763041219,422.2922180065649
1.0800000000000005,-0.077967551277,-0.0425560371697,11.269373452,6.28019849254,0.032825578159,0.0,-0.203857180126,-0.0977481331178,2.72366094198,0.00823453906624,0.074960769055,0.0,500.58289029607545,501.66032796608386,500.7914777461249,499.36582917150116
1.1400000000000006,-0.0908972861637,-0.0484813417539,11.4358563222,6.28049755138,0.0373962397427,0.0,-0.227589644405,-0.0997198250776,2.8255027247,-0.00247169715361,0.0785054499106,0.0,444.9138704554761,445.20855576485707,444.83594556926965,443.95829655678574
1.2000000000000006,-0.1052603774,-0.0545151038431,11.6061981935,6.28009061756,0.041794059144,0.0,-0.251595678477,-0.101429033678,2.85247242918,-0.0172148742083,0.0600479013903,0.0,421.21478749667335,419.6199349425288,422.59397633273863,421.32130757469054
1.2600000000000007,-0.121417123701,-0.0606832452947,11.7846426332,6.27897956361,0.0454624302395,0.0,-0.287383968443,-0.104305221692,3.0950258302,-0.0212590667876,0.0632370497804,0.0,487.73200589526704,487.97243056883207,487.46096802038005,487.15875356410913
1.3200000000000007,-0.139540461684,-0.0670265311957,11.9717231463,6.27754770399,0.0489786957683,0.0,-0.317067708439,-0.107263578806,3.14084382581,-0.0296626569659,0.0472006847942,0.0,429.4288760182594,428.06885933256274,429.63187240876226,428.9186563844626
1.3800000000000008,-0.15981121883,-0.0736122723789,12.1676587488,6.27608363559,0.0516347638114,0.0,-0.358931381329,-0.112455708674,3.38961288832,-0.0155410819431,0.0376425868447,0.0,490.66390335812946,489.95469858250266,491.05637690599525,492.10276218067634
1.4400000000000008,-0.182531108655,-0.0805241268086,12.3760743953,6.27578421085,0.0539467291421,0.0,-0.398629077103,-0.11799834966,3.55704719994,0.0104723542923,0.04025575814,0.0,469.29185888249214,469.4952959202611,467.0358561850505,469.0605203339622
1.5000000000000009,-0.207701917132,-0.0877709615435,12.5948098893,6.27695747485,0.0567824125408,0.0,-0.440669291352,-0.123451898463,3.73355091906,0.0333543131876,0.0584962011632,0.0,472.4644479347395,473.86989093555565,470.93020123862686,472.6968420714161
1.560000000000001,-0.235334799504,-0.0952994370443,12.8218682592,6.27926897994,0.0598151911342,0.0,-0.480752276352,-0.127273771683,3.83469853354,0.0472542865195,0.0256790092249,0.0,451.9140739887549,449.2623108668489,450.5943207672887,451.71736719570544
1.620000000000001,-0.265442935708,-0.103007379119,13.0552384366,6.28217884845,0.06125156437,0.0,-0.522986543845,-0.129360014733,3.94391871534,0.0508748036062,0.0202120051692,0.0,454.555591427075,454.11729762424187,453.7502999927694,454.0422652864773
1.680000000000001,-0.297912450832,-0.110777510049,13.2918727969,0.00184050558403,0.0626154500544,0.0,-0.559446479556,-0.129386836941,3.94387846807,0.0395282327599,0.0273456672482,0.0,419.60739061662963,420.2263404926968,420.4911197198345,419.50842188907626
1.740000000000001,-0.332776287977,-0.118494785953,13.5313561651,0.00386236946232,0.0649156329239,0.0,-0.602869088352,-0.127630857071,4.03854517524,0.0182755037024,0.054271857896,0.0,449.55203553155826,451.7293571345947,451.1448976456279,449.4259076747311
1.8000000000000012,-0.370240814982,-0.126073404486,13.7756353451,0.0052466752035,0.067839744981,0.0,-0.646238357554,-0.124869538464,4.10382694954,0.0312586568682,0.0343634016985,0.0,442.2373206042397,440.59571317035835,442.05987777759213,443.12856271522185
1.8600000000000012,-0.410433092022,-0.133450835185,14.0248776943,0.00711590141815,0.0698110832605,0.0,-0.693689027571,-0.120856368644,4.20385825033,0.0309432063779,0.0296560723063,0.0,454.26172010112725,453.8844456163319,452.80959257722066,452.7845283475706
1.9200000000000013,-0.453389459827,-0.140561862698,14.2783591936,0.0092239596478,0.0714371709796,0.0,-0.738343191496,-0.115993453549,4.24534478936,0.0424176438793,0.021429013496,0.0,436.3363598571935,435.64911581668036,435.157117167104,436.11721978246936
1.9800000000000013,-0.499148513743,-0.147326511195,14.5356256509,0.0118512842439,0.0725744016139,0.0,-0.787062692186,-0.109240581403,4.32986025546,0.0463981227289,0.01347692848,0.0,449.77524801225724,449.13064474469786,450.01961521954524,450.34277678912804
2.0400000000000014,-0.547875918959,-0.153628162368,14.7982461377,0.0150531889748,0.0744962701143,0.0,-0.83731615307,-0.100514436797,4.42376442146,0.0645490217104,0.0548624605574,0.0,451.7433358750602,455.06887510868694,452.76316740970896,454.2230289767609
2.1000000000000014,-0.599123980046,-0.159450910892,15.0592811494,0.0189308055838,0.0777841982238,0.0,-0.87121599482,-0.0933148407016,4.2779285171,0.0647822568475,0.0546712310324,0.0,372.15625465994816,372.1401818985857,373.80507269036053,373.8317342403731
2.1600000000000015,-0.653322203196,-0.164572931112,15.3226320716,0.0227235945904,0.0819627020394,0.0,-0.935788302102,-0.0769768800696,4.49951303994,0.0598758421236,0.0894763678225,0.0,489.6453932575195,492.23096231304334,491.58936726941056,491.2281191724364
2.2200000000000015,-0.711450253139,-0.168639434636,15.5986036972,0.0259338902673,0.0872086154224,0.0,-1.00236876624,-0.0581921197219,4.69864348555,0.0360305529733,0.082995895621,0.0,486.2425717486395,485.76240766917243,488.00179411378537,486.21997829302944
2.2800000000000016,-0.773221950975,-0.171651019642,15.881137388,0.0278217044953,0.0922161481714,0.0,-1.05713481927,-0.0420133141123,4.71898290613,0.020258552935,0.084368548138,0.0,433.5138922813864,433.6351036556096,434.6985833392675,433.375097459852
2.3400000000000016,-0.838748760984,-0.173547936124,16.1689030963,0.0288426233784,0.0974371968893,0.0,-1.12760079654,-0.0211134707705,4.87246059367,0.00957870455151,0.0918460295931,0.0,475.1396987202087,475.7183796301289,475.6628328743209,474.84406820949204
2.4000000000000017,-0.907973823788,-0.174361091023,16.4592892727,0.0296188406661,0.103445376733,0.0,-1.18038258517,-0.00593229584932,4.807269449,0.018925310218,0.112982744267,0.0,406.1483266252317,408.0493597566664,406.90342665349215,407.7393355212591
2.4600000000000017,-0.980703128763,-0.174181569309,16.7480202548,0.0313407313274,0.110036963647,0.0,-1.24451948527,0.0120432917246,4.81693721997,0.0432932026437,0.102746770169,0.0,433.1275859982024,432.27671512908745,430.14068719040216,432.19991104874646
2.520000000000002,-1.05818148293,-0.172665440834,17.0443261017,0.0334714998245,0.1160107938,0.0,-1.33872513777,0.038757245551,5.05871480927,0.0115693082328,0.0922926907636,0.0,502.9138807417952,502.1632704319041,503.22662414600984,500.9250905803894
2.580000000000002,-1.14037712234,-0.169812376909,17.3459092544,0.0340726943414,0.121438234993,0.0,-1.40159566353,0.0564022326229,4.99423564806,0.00672559530385,0.0865108611068,0.0,410.52730733336386,410.02145194260106,410.1369745566019,409.70635843643976
2.640000000000002,-1.22722297783,-0.165672444684,17.6500366738,0.0347276204479,0.12689770649,0.0,-1.4937722776,0.0816274504229,5.1425322436,0.0181982953186,0.0987066178263,0.0,476.75843088546804,477.6957202707466,477.20254039462804,478.07748385448264
2.700000000000002,-1.31922907909,-0.160136990277,17.959186674,0.0360719435818,0.132873497105,0.0,-1.57362802031,0.102990714014,5.16222840839,0.0297137295985,0.10131808068,0.0,440.2701576613771,440.49484239428756,438.1208287413934,439.0774063370258
2.760000000000002,-1.41669951801,-0.15314248525,18.2736529749,0.0375573765564,0.139291312381,0.0,-1.67598392187,0.130309492509,5.31905770196,0.0123260901786,0.116360477756,0.0,482.0139334113649,483.1584688786115,482.28492750156533,480.96971345786756
2.820000000000002,-1.52010428356,-0.144575908058,18.5949797561,0.0381734730852,0.146721098346,0.0,-1.77150327601,0.155289514412,5.39128375547,0.00579742495771,0.135653613984,0.0,457.32645630429784,458.8740324743159,459.19819186301874,458.6797908533102
2.880000000000002,-1.62891868421,-0.134622314461,18.9174316082,0.0385182970705,0.154474782628,0.0,-1.85632649567,0.17652413291,5.35706814158,0.00564615455833,0.11155379859,0.0,424.8539660413068,422.7980233919011,427.3206276537583,427.3076329945984
2.940000000000002,-1.74272900012,-0.123444215651,19.2363959247,0.0384498716618,0.161589617874,0.0,-1.93793925912,0.196101522631,5.2752769859,-0.0203430235091,0.129836868299,0.0,407.68029470960084,409.3247472892443,411.6051461896944,409.2982063297672
3.000000000000002,-1.86190787525,-0.111014681129,19.5525985719,0.0374279978836,0.169570523448,0.0,-2.03537720258,0.218113700737,5.26462667944,-0.0111173028223,0.138709109878,0.0,432.8119015053022,433.5748275647089,432.560398955286,433.3368234421287
3.0600000000000023,-1.98751598107,-0.0971869771724,19.8706723325,0.0365259883766,0.177937902032,0.0,-2.15231709409,0.24271029669,5.33719655245,-0.0243175572059,0.14090870826,0.0,459.65760526409355,459.84925219975236,460.8197420587558,459.775029966682
3.1200000000000023,-2.1202089345,-0.0819257393412,20.1925016052,0.0353653987463,0.186228007033,0.0,-2.27153078926,0.26585364528,5.38988746873,-0.0108962001865,0.132038936905,0.0,455.39968982841754,454.70669653821994,454.75315399725923,455.8271844084013
3.1800000000000024,-2.26000608037,-0.0653363773662,20.5163448224,0.0345731072187,0.193984016229,0.0,-2.38906428575,0.287046895486,5.40451418877,-0.0182758842458,0.123056554012,0.0,445.08594499542437,444.3653017537624,444.1227481731124,443.5170545465708
3.2400000000000024,-2.40760920496,-0.0473868138272,20.8441078416,0.0334331178822,0.201678846955,0.0,-2.53171489239,0.311122461662,5.51999792036,-0.0204883873565,0.136998860626,0.0,476.23530231634385,477.3143987026689,476.1040708079211,475.93480828125263
3.3000000000000025,-2.56323708843,-0.0281328057384,21.1753321619,0.0321831405588,0.209972415462,0.0,-2.65660189325,0.330556534338,5.52046301157,-0.021531087815,0.14057162036,0.0,442.9553775737676,443.26690506815766,441.8910782257601,441.80510794585666
3.3600000000000025,-2.72659107522,-0.00772441817224,21.5069109296,0.0313830296761,0.218607586749,0.0,-2.78927622503,0.349617647563,5.53172204703,-0.000596129435262,0.149885109992,0.0,446.37415410375286,447.1528366106736,445.87498668704956,447.5824668514724
3.4200000000000026,-2.89803714537,0.013810618963,21.8389732959,0.0314332685874,0.227876848696,0.0,-2.92638569238,0.36820217042,5.53657194237,0.00356046625858,0.162380988458,0.0,444.8847088842033,445.9292380278524,445.7637200870537,446.10331141312196
3.4800000000000026,-3.07824892778,0.0365095071005,22.1728313099,0.0316840429117,0.237042313413,0.0,-3.0815146117,0.388423643758,5.59124827809,0.00538996425146,0.114225186189,0.0,464.89242959465264,461.1223467624774,461.9165014774687,462.0607026106823
3.5400000000000027,-3.26894017995,0.0605558778885,22.5140178777,0.0325247707141,0.243452185806,0.0,-3.27538610649,0.413144697827,5.7801402926,0.0272676951904,0.0848864164841,0.0,504.8059806394766,502.6922524183071,503.72678595303006,505.3065530554696
3.6000000000000028,-3.46930636265,0.0858302879502,22.8580247117,0.0339450355387,0.248739515672,0.0,-3.40401488305,0.429452547282,5.68689679558,0.0152815509105,0.0939108242458,0.0,417.84943909201706,418.64256199741,419.6700307438509,418.62818612437
3.660000000000003,-3.67870018504,0.112263701347,23.2011632194,0.0351276697172,0.254801334675,0.0,-3.57626950496,0.451734873941,5.75024612482,0.0273535677076,0.112408221305,0.0,467.83525160325087,469.2816796612531,470.0913105408196,471.0259662218074
3.720000000000003,-3.89775124137,0.139948277002,23.5449439111,0.0375590615055,0.261162330244,0.0,-3.72603771132,0.471246571078,5.70886448308,0.0586796678503,0.0884723028336,0.0,438.26394732638073,436.27923742962093,437.0301843647381,439.634895043995
3.780000000000003,-4.12565860679,0.168811456953,23.885280486,0.0408632190964,0.266491648124,0.0,-3.87141367248,0.491119284329,5.63564395162,0.0466447150352,0.0895117986155,0.0,427.7804697479943,427.87590154096665,427.93312424825365,426.90932787897
3.840000000000003,-4.36266405919,0.198955903302,24.2221816339,0.0431690736286,0.271985038532,0.0,-4.02929718055,0.513899350735,5.59414058819,0.0120147257539,0.0953582658305,0.0,438.4063023910347,438.8990762839103,439.6326978697478,436.7538720801738
3.900000000000003,-4.60981438157,0.230582789061,24.558544944,0.0437500989162,0.278250758351,0.0,-4.20957827647,0.540357999765,5.61729542644,0.00455845517437,0.118206569114,0.0,459.85715612860224,461.67272578482783,459.5671838301631,458.97553907334964
3.960000000000003,-4.86719646147,0.263693359001,24.893719807,0.0444862662222,0.285565341249,0.0,-4.37050103918,0.563356752076,5.55496852365,0.0244079956422,0.128437051678,0.0,433.61217778911805,434.4847344038701,432.258652947617,433.9285011082255
4.020000000000002,-5.13413275582,0.298159456562,25.2242881813,0.0462431900855,0.292972707048,0.0,-4.52809765388,0.585626222131,5.46387180937,0.0375823798673,0.110960658009,0.0,425.17154203089416,423.68563801029734,423.64713889310315,424.77900144123294
4.080000000000001,-5.41285963797,0.334326440289,25.556599341,0.0487883179632,0.299281539548,0.0,-4.76326775153,0.620128351952,5.61160299582,0.0506633407305,0.089800753048,0.0,500.71023295358236,499.17629707724814,500.49442208161645,501.44649958388527
4.14,-5.70406125571,0.372332783025,25.8919082006,0.0516704983952,0.304178689199,0.0,-4.94399471924,0.646969105238,5.56500261116,0.0421852296628,0.055418892134,0.0,443.3177412912703,440.4878763830676,444.45525470854597,443.7610760471401
4.199999999999998,-6.00688938912,0.412105171257,26.2265210684,0.0549143047284,0.307216567825,0.0,-5.15059018811,0.679005488223,5.58803333242,0.0709282279069,0.0387424818218,0.0,465.5977779299356,464.292383989911,466.5344696647438,468.7755086894483
4.259999999999997,-6.32226216965,0.453871839526,26.5626540517,0.0590891457007,0.309450210281,0.0,-5.36207677323,0.713559414633,5.61565052183,0.0667409369794,0.034011365113,0.0,469.04879497298134,468.68170449962867,469.81678848287055,469.4953285766054
4.319999999999996,-6.6498323427,0.497678334642,26.8986093834,0.0631943213848,0.311145872432,0.0,-5.55725250183,0.74696765162,5.58248692181,0.0715801070558,0.0131281653557,0.0,452.1134826426888,450.4275230900713,451.19779133534564,451.59185080920787
4.379999999999995,-6.98906840317,0.543532841899,27.2321755021,0.0671567594542,0.312123098303,0.0,-5.75090954758,0.781832406029,5.5361212994,0.0516620254945,0.0219553543429,0.0,447.01305911687587,447.73190874957226,448.95943043045406,447.3430981884436
4.439999999999993,-7.34120023229,0.59179066242,27.5666528707,0.0705473119656,0.312930892534,0.0,-5.98691778845,0.827007868965,5.61206225323,0.0647685792243,-0.0147465525263,0.0,488.9119754915193,486.16908807958293,486.1665221679299,487.14963616522977
4.499999999999992,-7.70685803399,0.642672301184,27.9034931235,0.0742431661411,0.312812691213,0.0,-6.20181112,0.869338901591,5.61540009088,0.0543549666268,0.0158054147916,0.0,465.62273123745547,468.0074455664521,466.88351896537176,466.072611600578
4.559999999999991,-8.08434740584,0.695894346651,28.2370301753,0.0774655237247,0.313536618354,0.0,-6.38163281071,0.90496384175,5.50262647008,0.0523758123816,0.00327776675118,0.0,429.366691469035,428.3021140344988,430.2936085232687,430.12798515649513
4.6199999999999894,-8.47311539197,0.751396584939,28.5650471133,0.0809473583477,0.313487544317,0.0,-6.57765860989,0.945352797201,5.43115142612,0.0674438680823,-0.0106193166018,0.0,443.6463794024111,442.5035419326401,442.8197351499209,444.060164721201
4.679999999999988,-8.87423218764,0.809505958076,28.8903417436,0.0847355876155,0.3128966832,0.0,-6.79312654978,0.991919146394,5.41156872342,0.0527221697549,-0.0083474206875,0.0,459.75056080709385,459.93070839000717,461.8032581440165,460.6429251123533
4.739999999999987,-9.28825993846,0.870445975491,29.2141731043,0.0880358969985,0.312184055318,0.0,-7.00806599055,1.03964505856,5.38242793183,0.0592178199901,-0.0200844400464,0.0,458.7584920705882,457.82544754819673,458.2190859638315,458.7372364120118
4.799999999999986,-9.71468637674,0.934147516388,29.5344802164,0.0919916582715,0.311010463998,0.0,-7.20653399994,1.08401606035,5.29448701283,0.0767772863481,-0.018530881439,0.0,438.52173608405775,438.65083888997924,440.2180845215397,441.67229319040564
4.859999999999984,-10.1543208316,1.00092440261,29.8532926277,0.0963524601296,0.310133617923,0.0,-7.44808542934,1.14221595032,5.33176312015,0.0628814223953,-0.00774943691194,0.0,479.9376905018093,480.7556208127478,480.5284252763212,479.4772205390129
4.919999999999983,-10.6071464515,1.07085115418,30.1700237719,0.0998832320493,0.310059264405,0.0,-7.64661589984,1.18893582549,5.22598932989,0.0492256207461,0.0093463859118,0.0,435.07132905268764,436.50081592779696,436.05976449234726,434.91961898805187
4.979999999999982,-11.072437287,1.14376787139,30.4817923548,0.102646786533,0.311055542562,0.0,-7.86357255767,1.2418034382,5.16597020608,0.0388276642726,0.028168370576,0.0,450.06861264966193,451.5897878009665,451.4722906422782,450.63351114770217
5.0399999999999805,-11.5511249622,1.21997677016,30.7907349378,0.104903325146,0.312450178423,0.0,-8.0931897267,1.29861135824,5.13155402177,0.0350534966551,0.0109158041134,0.0,460.48987919176665,459.12273888982145,460.50548238989495,460.20737216400585
