e2,t2
1,-19.8259256315
2,-24.9353098333
3,-19.1921964093
4,-19.2398732415
5,-45.2877201738
6,-22.9040959585
7,-13.3416806877
8,-11.895901462
9,-18.4670455451
10,-12.4048299282
11,-10.4970620884
12,-23.5830543951
13,-40.8082853137
14,-47.3616127379
15,-53.052214195
16,-43.9049847493
17,-44.8854117321
18,-37.9816356331
19,-38.3704199586
20,-35.4488037328
21,-40.1759954794
22,-40.7628585138
23,-22.6478455699
24,-28.8567110725
25,-16.5292614717
26,-13.2222436222
27,-20.1778321622
28,-18.573784576
29,-8.48890585873
30,-25.306097154
31,-22.7474550433
32,-28.9428632602
33,-22.8514814538
34,-23.629762728
35,-25.022090704
36,-27.9289364081
37,-21.6093796239
38,-30.5022346406
39,-31.7039675487
40,-25.9804552155
41,-13.6430686329
42,-22.3905933369
43,-21.3623648161
44,-44.5141818718
45,-44.8620066772
46,-39.4394437127
47,-39.1755554508
48,-25.0551567974
49,-161.630472858
50,-83.5198150039
51,-14.7640495379
52,-27.3053478366
53,-36.6802067073
54,-95.3937324027
55,-88.7359694963
56,-718.896326958
57,-34.7660132575
58,-797.464708758
59,-723.171923798
60,-1022.5213567
61,-965.180073151
62,-685.449273361
63,-850.466738106
64,-793.490456977
65,-709.246262195
66,-808.233719611
67,-981.062829213
68,-736.810332705
69,-727.79008326
70,-755.701425469
71,-688.077271943
72,-897.380753171
73,-755.124933533
74,-740.769617763
75,-825.333212401
76,-732.969807338
77,-767.661164099
78,-672.500694567
79,-690.231162613
80,-974.828533996
81,-947.018713108
82,-711.321298547
83,-868.789264899
84,-912.332375344
85,-707.634055044
86,-877.349476167
87,-722.260454493
88,-673.756564511
89,-17.4877363929
90,-17.5501627831
91,-10.8160074124
92,-1080.18486543
93,-809.59936423
94,-836.664542914
95,-737.784110828
96,-670.68824567
97,-890.508367125
98,-714.066058707
99,-761.375434651
100,-969.947259531
101,-692.622496128
102,-757.384439898
103,-682.453591335
104,-726.329208377
105,-700.610837011
106,-844.662698089
107,-679.389973771
108,-701.359361505
109,-46.4433583142
110,-39.8542489743
111,-45.2830303706
112,-24.2540967373
113,-84.2901489928
114,-154.906592544
115,-1487.27992731
116,-1037.6479665
117,-895.757919019
118,-693.281946292
119,-1492.38218062
120,-1608.7716582
121,-859.216736046
122,-734.671014133
123,-721.103413494
124,-681.095256243
125,-803.638846578
126,-766.365183591
127,-680.335917893
128,-827.91162672
129,-667.434337275
130,-179.824887237
131,-120.613744449
132,-27.7686702387
133,-50.7241317258
134,-187.143281274
135,-106.063314925
136,-35.0290375555
137,-43.1371302087
138,-12.8319406257
139,-83.6946650037
140,-8.05716855715
141,-15.6863845205
142,-45.6240669982
143,-51.9899088537
144,-43.3612926942
145,-37.345726328
146,-34.0877170986
147,-142.390544244
148,-14.7499846798
149,-44.227231829
150,-24.2668009989
151,-82.8823860869
152,-113.130926656
153,-23.4556164009
154,-66.9195217917
155,-551.015842628
156,-168.238773667
157,-327.776361665
158,-1258.77184462
159,-725.965657221
160,-673.094445072
161,-733.231092638
162,-694.437670938
163,-1043.09432942
164,-706.501270168
165,-816.157260124
166,-1270.22065841
167,-849.111971874
168,-676.497677202
169,-955.170134827
170,-949.04166281
171,-685.089440164
172,-902.624138123
173,-889.136795477
174,-875.698553302
175,-756.040005555
176,-912.66581128
177,-769.282231274
178,-704.683011382
179,-794.672396459
180,-692.369179607
181,-860.825416392
182,-945.90850263
183,-774.099857854
184,-672.740516895
185,-739.087973311
186,-750.997025726
187,-808.492237463
188,-742.111856059
189,-444.745069887
190,-64.3354563516
191,-50.9990964092
192,-7.44467276612
193,-33.5842773109
194,-40.8020122014
195,-36.7482647247
196,-26.884956157
197,-11.998871593
198,-12.7901621641
199,-36.7072608116
200,-15.9044201139
201,-19.6535966268
202,-30.6854948674
203,-33.5376246852
204,-19.4604335172
205,-13.302971471
206,-20.106328572
207,-13.959918842
208,-21.2649999146
209,-15.0290810465
210,-18.4269289044
211,-22.0059409924
212,-3.96089529619
213,-4.44248016904
214,-19.6183340338
215,-25.0546732539
216,-20.7556701734
217,-22.5224125832
218,-22.8572992103
219,-27.1985985998
220,-22.8019717332
221,-12.1601178467
222,-27.7481032216
223,-14.8911549348
224,-32.1647183925
225,-18.5466633239
226,-25.3196802024
227,-21.7477217563
228,-25.4685910162
229,-14.1874733535
230,-21.051041597
231,-32.1584651868
232,-15.1792502654
233,-20.6509613608
234,-20.2958511417
235,-16.0491389573
236,-18.3584704316
237,-31.168787424
238,-20.3456148073
239,-30.3529142614
240,-31.2513230164
241,-26.3382545058
242,-32.5036302565
243,-23.7981289369
244,-21.2543609494
245,-12.1822764841
246,-21.2460419841
247,-18.0937038412
248,-17.7119195943
249,-20.4182344709
250,-17.8272386492
251,-24.8765648883
252,-2461.92979938
253,-2178.21720228
254,-2318.58747869
255,-10.8108072926
256,-19.2005313787
257,-29.8799110024
258,-24.0822594143
259,-13.4071391618
260,-25.6824925561
261,-19.6451239212
262,-50.711735274
263,-32.6687236893
264,-13.4406206406
265,-704.298787567
266,-43.3865033666
267,9.42061952556
268,-218.268622599
269,-682.93489732
270,-807.936219176
271,-661.307900344
272,-971.114310637
273,-829.962370694
274,-726.586521052
275,-1007.28446049
276,-741.658159372
277,-885.9801195
278,-954.829330639
279,-715.721244485
280,-781.408401478
281,-759.18206866
282,-912.643752218
283,-848.267228429
284,-762.617722176
285,-751.25819652
286,-683.341109084
287,-728.84215372
288,-680.80965402
289,-837.237301761
290,-846.265330321
291,-948.171147883
292,-764.800024807
293,-690.146933134
294,-701.931697126
295,-879.551215728
296,-706.2047459
297,-1176.46096382
298,-683.306333875
299,-718.897540783
300,-678.474833203
301,-677.345521255
302,-810.219610706
303,-710.215599295
304,-686.5718878
305,-760.6202681
306,-696.502466163
307,-761.734871492
308,-948.783569157
309,-811.044856351
310,-892.511010912
311,-673.318052124
312,-797.990056695
313,-221.95759288
314,-111.000261859
315,-46.0970208572
316,-32.0273034597
317,-32.8508851436
318,-28.3733576565
319,-45.5195428533
320,-39.3888844351
321,-15.1510162027
322,-10.1062219353
323,-29.3049207933
324,-27.8789217337
325,-28.1291747308
326,-114.002029503
327,-36.6026286372
328,-9.27094308004
329,-10.6243525595
330,-8.71392892458
331,-8.772020058
332,-9.24010308189
333,-8.74464733927
334,-9.58876280849
335,-9.37088110104
336,-9.14192439728
337,-12.0450557282
338,-9.04564334558
339,-8.94879105213
340,-12.3570836709
341,-8.63074980071
342,-15.1511931455
343,-9.15498319611
344,-9.0825822136
345,-9.06400432836
346,-11.7832300902
347,-9.24259359754
348,-14.3917593692
349,-12.0689072144
350,-10.1070201107
351,-7.15135020414
352,-123.173360904
353,-38.8955146965
354,-59.9670427371
355,-26.5071472852
356,-26.3922351097
357,-18.0957625364
358,-12.6329041506
359,-37.538874208
360,-22.4378126082
361,-18.6531259231
362,-34.362278828
363,-15.0768604919
364,-49.2292952833
365,-41.5366398169
366,-66.4487885326
367,-252.271941503
368,-70.5062648636
369,-79.2780554689
370,-37.9070996014
371,-13.8054456404
372,-53.2715118117
373,-41.7730075903
374,-32.6062535814
375,-9.80580377212
376,-32.8300921975
377,-23.0582417514
378,-50.6108088933
379,-14.2671892048
380,-4.76043830915
381,-43.6745381857
382,-30.1281688849
383,-31.6426555589
384,-46.223641387
385,-58.9792235915
386,-25.3067160579
387,-11.8812222245
388,-14.5721453004
389,-16.3977712724
390,-6.72090919468
391,-4.68767396694
392,-11.1998462151
393,-5.96932573583
394,-15.9171063391
395,-35.3501458966
396,-78.1356160805
397,-51.9025177391
398,-56.8300957938
399,-37.1242423947
400,-40.6820442722
401,-15.1179587315
402,-21.3255366327
403,-21.8529288841
404,-15.2007490441
405,-22.1725861369
406,-22.1176428775
407,-21.6042234841
408,-16.0052548273
409,-9.97122719563
410,-8.63751271304
411,-10.0803933296
412,-10.7142787201
413,-12.0500056962
414,-9.9632954393
415,-9.70579805562
416,-8.87554831919
417,-8.75488507655
418,-8.97011054622
419,-9.83349227422
420,-8.59276693316
421,-9.81793073384
422,-9.76957198468
423,-8.44817477886
424,-8.60435600455
425,-9.57980655133
426,-8.30304539935
427,-9.4829996296
428,-9.58344825455
429,-11.9744949089
430,-10.4082265203
431,-10.3782056381
432,-11.9398556195
433,-9.36598874857
434,-8.58768296824
435,-8.58867905398
436,-8.63007188726
437,-8.46178212767
438,-8.54710258101
439,-8.09261410868
440,-8.81598383016
441,-9.67258571637
442,-8.42578794114
443,-8.8625796271
444,-9.43993720098
445,-8.45410318106
446,-9.25080981078
447,-9.73876556471
448,-9.36418047203
449,-9.97199947435
450,-9.10226592548
451,-9.38292635586
452,-3.42461462652
453,-8.52389630425
454,-11.0591998207
455,-9.92374222336
456,-9.30652322354
457,-10.0600919769
458,-9.22925065642
459,-8.80461891726
460,-9.53571404185
461,-9.59962174655
462,-10.6202759235
463,-10.8472572977
464,-8.70536012123
465,-8.84138412641
466,-8.68422394297
467,-8.13282746316
468,-15.9777345702
469,-12.4588616588
470,-10.7293880101
471,-15.8865260717
472,-12.3259194308
473,-19.452383076
474,-9.01083834139
475,-15.6754350554
476,-8.72315852346
477,-8.3127406563
478,-8.59121327953
479,-16.1257461763
480,-15.5170249071
481,-16.0229363544
482,-8.61759851231
483,-8.95080681611
484,-16.1147351639
485,-15.8982604471
486,-8.23631068791
487,-7.91600147596
488,-8.9101511048
489,-14.9829003638
490,-2.96829512221
491,-11.2272240719
492,-14.952162277
493,-14.867701808
494,-3.72367828681
495,-9.30816317141
496,-2.67790418022
497,-10.8675712026
498,-11.1329124321
499,-10.7576395976
500,-10.7076857478
501,-10.4447562173
502,-11.0085446828
503,-10.882510804
504,-12.7889019689
505,-10.6699587004
506,-9.31918811901
507,-8.61553827243
508,-11.6700937389
509,-8.67237894911
510,-12.064712431
511,-11.8151246734
512,-12.1921183029
513,-8.56021899973
514,-8.60397691965
515,-11.9731878834
516,-8.72470474743
517,-11.7655973298
518,-9.04882498377
519,-8.7451293177
520,-9.92308297224
521,-20.6851142674
522,-11.8094390661
523,-9.17095364381
524,-11.2942064695
525,-19.3679184387
526,-21.6557204782
527,-17.4252871427
528,-32.4245699178
529,-16.3649962999
530,-18.7156987034
531,-15.3529283575
532,-16.5463596359
533,-21.2784304198
534,-33.3279758644
535,-18.1230494991
536,-37.4686645585
537,-15.8816894726
538,-19.2275657339
539,-19.4659613484
540,-16.0092096831
541,-11.4882165384
542,-15.4862520893
543,-11.9808231187
544,-11.8232198229
545,-10.1396541193
546,-12.1078631107
547,-10.2908463493
548,-10.4526684157
549,-11.3808026895
550,-8.75858199267
551,-15.5147059886
552,-11.884129029
553,-10.9262387607
554,-11.5399157169
555,-12.0174018736
556,-12.174494882
557,-11.9753822094
558,-11.9854967935
559,-11.6697498074
560,-11.8095888043
561,-11.7039917639
562,-8.21239880572
563,-9.11450219077
564,-11.7767458158
565,-12.2450227318
566,-11.8520860959
567,-11.342281379
568,-12.1460569176
569,-12.1680026933
570,-11.4463678227
571,-11.6577594246
572,-11.9420316941
573,-11.7490034589
574,-17.5751601615
575,-4.87539735871
576,-4.80226015942
577,-3.29696862249
578,-4.39106659309
579,-4.72453735598
580,-4.91812556444
581,-11.9025388075
582,-8.70442273563
583,-8.30386224023
584,-8.65695501545
585,-8.95794364084
586,-4.65475710849
587,-8.47948685786
588,-9.6922935422
589,-13.5340947956
590,-4.02158323218
591,-4.71926404145
592,-4.87208296112
593,-10.8998114645
594,-9.74296436361
595,-9.12723000192
596,-9.55899828791
597,-9.24580160249
598,-9.35054238909
599,-9.11379698812
600,-8.96601174538
601,-9.22018065685
602,-8.82039818717
603,-8.51556776294
604,-9.04810586061
605,-8.86950994671
606,-8.87214278303
607,-9.04168367787
608,-9.24227035299
609,-8.63711800866
610,-9.0712741912
611,-8.9714554352
612,-9.07228113866
613,-9.42287817349
614,-9.41420108229
615,-8.79923945279
616,-9.17718131162
617,-9.14002541255
618,-9.16968578434
619,-8.77836135584
620,-9.06429672386
621,-8.60587244656
622,-9.0457930501
623,-8.88781354416
624,-9.2284341403
625,-9.03040972353
626,-9.09061549937
627,-8.99028114304
628,-9.04030126865
629,-9.0371404143
630,-9.19911297713
631,-8.7971775891
632,-9.25030115599
633,-9.21295692497
634,-9.09485212955
635,-9.28671259379
636,-8.71147871462
637,-9.16815857541
638,-9.12021242498
639,-9.12357744447
640,-8.99347217309
641,-9.09896703705
642,-9.30446602982
643,-8.92585067496
644,-8.95940318883
645,-8.92572819806
646,-9.12392350902
647,-8.91585434948
648,-9.20959449426
649,-9.13411522174
650,-9.30303635087
651,-9.27666716692
652,-8.80088135784
653,-8.979062545
654,-9.03156293984
655,-8.71328815508
656,-9.04158609377
657,-9.14974764941
658,-8.94121106331
659,-9.03709842521
660,-9.13008407989
661,-9.24822077079
662,-9.01075694696
663,-9.11961810235
664,-8.75427634453
665,-9.01260549311
666,-62.7612671185
667,-1626.84902208
668,-40.927608852
669,-40.5261080408
670,-9.82723344055
671,-9.32415047437
672,-9.65716641917
673,-9.00658451824
674,-9.90326896354
675,-9.0901983441
676,-9.30112164601
677,-9.37184930457
678,-9.46117253611
679,-9.12686591036
680,-9.10762544271
681,-9.52012920181
682,-9.30013974556
683,-9.06750663352
684,-9.04196434814
685,-9.14028205909
686,-9.05353790431
687,-8.72160241045
688,-8.7965654006
689,-9.42381220732
690,-8.94036143158
691,-9.09679719994
692,-9.09578606631
693,-9.07481532212
694,-8.8927403146
695,-8.99802163145
696,-9.75956737964
697,-9.7913219711
698,-8.96558946164
699,-8.93389779952
700,-9.58935431917
701,-9.03748260583
702,-9.32442256394
703,-9.06986928311
704,-45.7595181692
705,-1673.4982198
706,-2000.68595879
707,-2001.62203716
708,-2060.58370068
709,-2137.94667605
710,-1886.2072346
711,-11.9337441298
712,-9.04362834288
713,-7.43912757785
714,-2438.00764404
715,-2593.01704928
716,-30.722490563
717,-9.28406886366
718,-9.04652742435
719,-9.08283067035
720,-8.99932954086
721,-8.93916730013
722,-9.18368783308
723,-9.12568491514
724,-8.83920963979
725,-9.13398821446
726,-8.91982419027
727,-8.99700721613
728,-9.37802674861
729,-8.98421712276
730,-9.21385201372
731,-9.01805717565
732,-9.07343865176
733,-8.85076705481
734,-8.89560582567
735,-9.30164163544
736,-9.42023148962
737,-8.97716358124
738,-8.8256245633
739,-9.16245503731
740,-8.79686057752
741,-8.92797325324
742,-9.27725853137
743,-9.01662546399
744,-9.38757620596
745,-8.98003143003
746,-9.08518709122
747,-9.15127963916
748,-8.92039810586
749,-8.94470417284
750,-9.06639528972
751,-8.76956597001
752,-9.00195740904
753,-8.87646561285
754,-8.95085697574
755,-9.03973241209
756,-8.82260822065
757,-8.93435314769
758,-9.09033207318
759,-9.13881890773
760,-9.0400840283
761,-9.1018324396
762,-8.87041473796
763,-8.82500489212
764,-8.94144220318
765,-9.26156175309
766,-9.13945102122
767,-9.23040168791
768,-9.32359648725
769,-9.29798613618
770,-9.19010643204
771,-9.2987440954
772,-9.31407051417
773,-9.03195536731
774,-8.99398025009
775,-9.09575728892
776,-8.868672864
777,-9.07023027247
778,-9.10969719251
779,-9.28041452333
780,-8.86092650508
781,-8.90927937898
782,-8.94299070203
783,-9.09777353623
784,-9.0580566847
785,-9.17595671844
786,-9.13393437428
787,-9.09042391986
788,-9.26083635889
789,-9.28794947471
790,-8.68637038061
791,-9.05896519059
792,-8.51176554624
793,-17.9171968294
794,-47.2110859017
795,-259.596428922
796,-9.13878500553
797,-6.9674393974
798,-22.0997607222
799,-38.0297067501
800,-36.8345604156
801,-5.9636492343
802,-9.14841425175
803,-8.74013620071
804,-9.6176101684
805,-8.45528276933
806,-5.10049611789
807,-38.7687058444
808,-23.1435549347
809,-2207.70167058
810,-2435.11632517
811,-2654.92896934
812,-2426.34970425
813,-13.6468671206
814,-9.48798254324
815,-8.05392847332
816,-8.80848771998
817,-8.99486507268
818,-8.93105692443
819,-9.00091358063
820,-9.08804581331
821,-9.27104507053
822,-9.34727368124
823,-8.86173042771
824,-9.01295112479
825,-8.75933069447
826,-9.1398914716
827,-9.11648254827
828,-9.14067664597
829,-8.89513594662
830,-9.02127231518
831,-8.88238985353
832,-9.18515202185
833,-9.45616579682
834,-8.79396632974
835,-8.87554512473
836,-9.26060704652
837,-8.81099558813
838,-9.01581103226
839,-9.17461527588
840,-9.50211579929
841,-9.13407012462
842,-8.81927415283
843,-9.26920811816
844,-9.14938651804
845,-8.94581030971
846,-8.880569647
847,-12.5602679453
848,-12.3471578505
849,-8.99287933873
850,-9.20773070257
851,-8.99410071261
852,-12.2627386275
853,-8.82213679635
854,-11.8749343548
855,-9.33188613316
856,-11.9118930705
857,-9.48900556548
858,-8.85857054293
859,-10.3128476734
860,-9.97866157279
861,-9.2209417794
862,-9.14212966059
863,-9.11855629202
864,-9.75229559531
865,-9.26940281013
866,-9.29193295579
867,-9.71114315452
868,-9.18477444124
869,-9.81734751249
870,-9.83095509137
871,-9.79258821734
872,-8.97308724998
873,-10.0589664546
874,-9.64978990794
875,-9.28013508978
876,-9.02009356256
877,-9.92462414042
878,-9.91461694727
879,-9.79354084295
880,-9.19224957736
881,-10.1398311725
882,-9.32252951694
883,-10.1491630808
884,-10.2779801944
885,-9.08977034724
886,-9.07864327974
887,-9.64804219064
888,-9.79318774125
889,-8.88512160285
890,-9.17434995036
891,-9.75729882298
892,-10.2683697207
893,-8.88006921532
894,-9.89099043291
895,-9.3857981199
896,-9.20178162718
897,-9.25630179741
898,-10.1283014689
899,-9.98222149782
900,-10.3414279517
901,-9.05538085014
902,-8.74386023834
903,-9.00485544372
904,-9.20755177743
905,-8.92215196316
906,-9.0481613018
907,-9.22096128397
908,-9.11258850172
909,-9.03786215153
910,-9.16358550793
911,-9.21560047089
912,-9.30746705364
913,-9.02566728382
914,-9.44162225216
915,-8.91778078589
916,-8.98707610626
917,-9.35447220074
918,-9.17811165829
919,-9.28702923155
920,-9.38234897021
921,-9.10092707706
922,-9.14286166847
923,-9.01961785709
924,-9.09033015843
925,-8.84141659422
926,-8.99899237239
927,-9.26481445137
928,-9.09122389024
929,-9.07899594955
930,-8.94998120574
931,-8.96017122878
932,-8.96641195338
933,-9.08833258065
934,-9.20786720169
935,-8.94780608395
936,-9.10021893471
937,-8.86666363797
938,-8.68381336122
939,-9.07142859023
940,-9.18469058201
941,-8.94337087749
942,-9.14572169457
943,-8.77853274918
944,-8.95740931076
945,-9.02996453617
946,-9.05632512129
947,-9.10627264137
948,-8.85875679068
949,-9.09538397464
950,-8.72292517808
951,-9.31590043928
952,-9.21594705044
953,-9.00910369034
954,-8.86769557607
955,-9.20075852628
956,-9.29424730763
957,-9.17058383156
958,-3.02769778151
959,2.70847692178
960,2.70843917805
961,2.7084367594
962,-3.26684488243
963,-3.27389764593
964,2.7084694147
965,2.70844731956
966,2.7084766779
967,-3.30741185778
968,2.70842814153
969,2.70843639685
970,-3.27222609447
971,-3.29996702907
972,2.70845554286
973,-3.2990325824
974,2.70846628612
975,-3.13608289835
976,-3.15844355739
977,2.70841870114
978,-3.30039972994
979,-3.27970594377
980,2.70844628228
981,-3.17301589585
982,2.70843985605
983,2.70841771305
984,-3.16868822318
985,2.7084700485
986,2.70848409433
987,2.70847466257
988,2.70846924967
989,2.70841831701
990,2.70846094178
991,2.70842964381
992,2.70837438524
993,2.70841638358
994,2.70839543446
995,2.70846497653
996,2.70846516138
997,2.70847217965
998,2.70844746522
999,2.70846861191
1000,2.70847907801
1001,2.70846545005
1002,2.70845562673
1003,2.70846904803
1004,2.70844080008
1005,2.70843894401
1006,2.70847305466
1007,2.70845619737
1008,2.70848693213
1009,2.70840258823
1010,-3.30002563032
1011,-3.30483028992
1012,-3.29991437333
1013,-3.29996797447
1014,-3.29847938387
1015,2.70846425682
1016,2.708572383
1017,2.70845014799
1018,2.70843436844
1019,-3.30524668475
1020,2.70846941326
1021,-3.2996187687
1022,-3.30516014579
1023,2.70847739028
1024,2.70846803694
1025,2.7084422976
1026,-3.30387595235
1027,2.70845885421
1028,-3.30347877841
1029,2.70845937869
1030,-3.30605322269
1031,-3.30534154008
1032,-3.19114334051
1033,-2.97481846779
1034,2.70844631471
1035,2.70845889319
1036,-2.96275888287
1037,2.70844861137
1038,-3.2807316937
1039,-3.30505439617
1040,-3.30552521898
1041,-3.30091794366
1042,-3.16500936645
1043,2.70852496762
1044,2.70839321142
1045,2.70844247887
1046,2.70841472528
1047,2.7083995377
1048,2.70845240077
1049,2.70847713264
1050,2.70840698662
1051,-3.29950977445
1052,2.70846691702
1053,-3.30402838002
1054,2.7084577201
1055,-3.30266830339
1056,-3.154699223
1057,2.70838106994
1058,-3.3051063487
1059,-3.27379127692
1060,-3.30655751021
1061,2.70838809863
1062,-3.30310020604
1063,-3.26340938456
1064,-3.30560535662
1065,2.7084576729
1066,-3.30143311918
1067,2.70842320991
1068,-3.2989315833
1069,-3.30485857056
1070,-3.30064456733
1071,2.70841684794
1072,2.70846196823
1073,-3.24870622774
1074,-3.26373916384
1075,2.70838278878
1076,-3.3061487751
1077,2.70844014386
1078,-3.27552681706
1079,2.70845761945
1080,-3.27732455122
1081,2.70844176753
1082,-3.27708589473
1083,-3.28176773263
1084,-7.0239485518
1085,-3.81449778871
1086,-2.9109393331
1087,-2.57232392621
1088,-2.60225668612
1089,-9.13490672666
1090,-2.55876332025
1091,-9.12459484756
1092,-9.27893610005
1093,-9.18439582938
1094,-9.07313444405
1095,-9.05095496231
1096,-9.22688670072
1097,-9.26377911279
1098,-9.28894482611
1099,-9.21143513568
1100,-9.17078800407
1101,-9.18531958073
1102,-9.30688231827
1103,-9.3290853935
1104,-8.89888495701
1105,-8.58825014981
1106,-8.6998464645
1107,-9.12938200615
1108,-8.89479309083
1109,-8.91791421918
1110,-9.09171590896
1111,-8.6396488271
1112,-1.61906202619
1113,-5.85058916092
1114,2.70847339004
1115,2.70846300371
1116,2.70846736865
1117,2.70847138622
1118,2.70846457343
1119,2.70844598594
1120,2.70838095032
1121,2.70848799399
1122,2.70847094325
1123,2.70846411764
1124,2.70843371749
1125,2.70840590051
1126,2.70843485884
1127,2.70845663651
1128,2.70845839832
1129,2.70848223324
1130,2.70846004443
1131,2.70846239648
1132,2.70846070625
1133,2.70842298466
1134,2.70847989314
1135,2.70845990371
1136,2.70845855318
1137,2.70847530053
1138,2.70845484735
1139,2.70846328412
1140,2.70845391266
1141,-3.0301681606
1142,-7.82358350674
1143,-6.30643379304
1144,-8.06474073182
1145,-8.36153749185
1146,-9.04245060658
1147,-8.90812024871
1148,-8.93642268259
1149,-8.9319699742
1150,-9.07471592354
1151,-8.89638181898
1152,-8.92175621459
1153,-9.07586334039
1154,-8.82630246259
1155,-9.04012446456
1156,-9.29139271652
1157,-9.21981054408
1158,-9.12131330511
1159,-9.28184088661
1160,-8.77815064359
1161,-8.89266670481
1162,-9.23532227101
1163,-9.32072749436
1164,-9.43816878977
1165,-8.97396328091
1166,-8.93858624494
1167,-9.5233666753
1168,-8.80984261564
1169,-9.14376296768
1170,-9.01940217409
1171,-8.9199697696
1172,-9.09352507459
1173,-8.84055933243
1174,-8.86874352451
1175,-9.03280913669
1176,-9.35274982705
1177,-9.07731189752
1178,-8.71651121714
1179,-9.18694938522
1180,-9.28585002881
1181,-9.12044363711
1182,-9.20672281019
1183,-8.65629688878
1184,-9.20526654486
1185,-8.95166278924
1186,-8.95583795733
1187,-9.03202328105
1188,-8.87657797811
1189,-9.02982569415
1190,-9.03337463856
1191,-8.79289829335
1192,-9.26575749743
1193,-9.2282697255
1194,-8.69481882435
1195,-8.81162597488
1196,-9.16062084584
1197,-9.02678500787
1198,-9.15255466417
1199,-9.1992004007
1200,-8.8482896586
1201,-9.13704869923
1202,-9.13492355521
1203,-9.31951374352
1204,-8.95558570121
1205,-9.14298523105
1206,-9.15334364938
1207,-9.25997428045
1208,-9.10767324917
1209,-9.04366169763
1210,-9.325298773
1211,-8.86825133862
1212,-9.24860794681
1213,-8.88005433478
1214,-9.1082103589
1215,-9.02432760457
1216,-8.88485664175
1217,-9.11421115418
1218,-8.91037316148
1219,-9.25255982237
1220,-8.8685601457
1221,-9.38731945272
1222,-9.21636840621
1223,-9.27195682283
1224,-8.87500898038
1225,-9.02416471208
1226,-8.82278097636
1227,-8.96855097484
1228,-8.85761698383
1229,-8.94162568209
1230,-8.97762225942
1231,-8.92759096943
1232,-8.97557310747
1233,-8.98496393468
1234,-9.00733738494
1235,-9.02408379687
1236,-8.8970049488
1237,-9.06538203923
1238,-8.96956463955
1239,-9.47570602817
1240,-8.91826905435
1241,-9.13207862679
1242,-8.95885264987
1243,-8.89809562912
1244,-9.33332553959
1245,-9.05415185842
1246,-9.10213299085
1247,-9.13248125624
1248,-9.11812286903
1249,-9.14431178878
1250,-9.38455421746
1251,-9.29911309043
1252,-8.93638868974
1253,-9.43373688623
1254,-9.22564177698
1255,-9.07515128731
1256,-9.25787486186
1257,-9.09645209161
1258,-9.09835596636
1259,-8.86599161065
1260,-9.47361641183
1261,-8.87187317525
1262,-9.46245391591
1263,-8.96669588286
1264,-8.00093493827
1265,-8.87078629069
1266,-7.57467437652
1267,-3.30530444427
1268,2.70845765153
1269,2.70847104537
1270,-3.30573759471
1271,-3.30357231491
1272,-3.30447081425
1273,-3.02002870943
1274,-3.17261388482
1275,-2.64124629454
1276,-3.23419051692
1277,-3.26926327783
1278,-7.97713039849
1279,-7.93057398115
1280,2.7084758284
1281,-3.30444746853
1282,-7.80891729881
1283,-9.37661356309
1284,-22.500404615
1285,-16.5645828173
1286,-2.84863133561
1287,-24.6844544991
1288,-21.1850050187
1289,-16.0051859821
1290,-23.9051650449
1291,-11.6418113284
1292,-21.9619868802
1293,-35.5614099906
1294,-21.8717722374
1295,-22.1486655668
1296,-34.1777337872
1297,-22.0963852479
1298,-24.3905798757
1299,-23.7398811129
1300,-23.3469035601
1301,-23.4783782625
1302,-23.645079198
1303,-23.0592498952
1304,-23.3619512024
1305,-22.2561238811
1306,-22.1469291172
1307,-22.4963950588
1308,-22.0077350059
1309,-23.1813680027
1310,-22.0992840641
1311,-21.8663164824
1312,-21.8851649631
1313,-21.9484584413
1314,-23.8211020708
1315,-22.9396930849
1316,-23.0977119868
1317,-22.9752623737
1318,-21.4002767592
1319,-22.3909759571
1320,-21.9504926838
1321,-22.1257869805
1322,-24.0858002395
1323,-21.3836229397
1324,-20.2585638257
1325,-22.64896289
1326,-22.6522613973
1327,-22.2763259004
1328,-22.5947357161
1329,-22.575091192
1330,-22.3471437008
1331,-22.4458505083
1332,-22.5281698686
1333,-22.3188777441
1334,-21.9392570795
1335,-23.3804840808
1336,-22.6053589773
1337,-22.5452371498
1338,-21.2543210557
1339,-23.1283026382
1340,-22.202894177
1341,-23.2634584219
1342,-21.4419086786
1343,-23.9632819576
1344,-24.126352851
1345,-25.0706585693
1346,-21.4687850298
1347,-24.4800716452
1348,-24.099461139
1349,-22.868085368
1350,-21.9505020476
1351,-23.7984438739
1352,-24.5733409435
1353,-21.7947480256
1354,2.70846727014
1355,2.70841873786
1356,2.70843706495
1357,2.70843431052
1358,2.70845661376
1359,2.70846320584
1360,2.70845722661
1361,2.70845629231
1362,2.70847817187
1363,2.70845674781
1364,2.70846984716
1365,2.70845747288
1366,2.70846372175
1367,2.70842387185
1368,2.70844298168
1369,2.70845609371
1370,-3.30500643624
1371,2.71201432007
1372,2.70849937578
1373,2.70849323209
1374,2.70846469487
1375,-3.3044197938
1376,2.70844288532
1377,2.70846715776
1378,2.7083916345
1379,-3.30363054238
1380,2.70846461129
1381,2.70843801013
1382,2.70848566019
1383,2.70847309416
1384,2.70844695261
1385,2.70836885511
1386,2.70842976778
1387,-1.10162487564
1388,-3.17622045354
1389,-7.90279269715
1390,-13.6397048219
1391,-7.5883629541
1392,-7.89432473895
1393,-7.83951844561
1394,-7.86313035852
1395,-6.57531332371
1396,-7.72485503948
1397,-9.47601424484
1398,-4.9742552491
1399,-30.4533858717
1400,-23.707677297
1401,-22.0557463816
1402,-20.959996468
1403,-22.1786780087
1404,-24.9350234874
1405,-22.159682586
1406,-23.0795274455
1407,-22.1015974782
1408,-23.7201781541
1409,-24.9061564466
1410,-21.9553280755
1411,-23.5056372075
1412,-22.114513871
1413,-22.7574442179
1414,-22.7128016297
1415,-21.8996135325
1416,-22.714027838
1417,-23.2305353052
1418,-22.0419310896
1419,-23.6534925786
1420,-23.4136169275
1421,-23.4370859817
1422,-24.9744928881
1423,-23.0426397733
1424,-22.5562005959
1425,-22.1264877083
1426,-22.8288055834
1427,-21.3090662672
1428,-22.8482707731
1429,-22.2300456083
1430,-22.8109545119
1431,-22.2117182673
1432,-22.8641270925
1433,-23.0847424694
1434,-22.0624091164
1435,-23.6011598273
1436,-23.1551311974
1437,-23.0948885134
1438,-24.1506497813
1439,-21.3041747582
1440,-22.1452552664
1441,-22.9405491919
1442,-23.4280477611
1443,-21.7305449046
1444,-22.6158971257
1445,-22.9629259212
1446,-21.8426491458
1447,-23.1354407511
1448,-22.5975094002
1449,-23.7352515819
1450,-22.0028711701
1451,-23.1028017151
1452,-22.5951972471
1453,-22.8216840806
1454,-23.8266195841
1455,-23.1168159593
1456,-23.4879859694
1457,-22.2931360611
1458,-23.787950193
1459,-22.4776072405
1460,-22.2572315126
1461,-23.9217828418
1462,-23.2551279148
1463,-22.6740070374
1464,-23.3924873237
1465,-23.3069257437
1466,-23.4890646449
1467,-22.9043144835
1468,-21.4457525166
1469,-22.7487195367
1470,-23.3859333029
1471,-23.5431150303
1472,-23.7947689854
1473,-22.3039278279
1474,-22.7749387167
1475,-22.5291405719
1476,-21.9329232412
1477,-23.4103026588
1478,-22.6631489082
1479,-23.695705773
1480,-23.7560727955
1481,-22.3694297179
1482,-21.9565667656
1483,-22.6405240082
1484,-22.4244727508
1485,-23.804216256
1486,-23.1984865373
1487,-23.0519554431
1488,-22.1674366319
1489,-23.8383022248
1490,-22.028596572
1491,-22.5344624855
1492,-22.3247205053
1493,-23.4037222599
1494,-22.473248552
1495,-22.1091876495
1496,-22.3793219107
1497,-21.966693046
1498,-22.49182252
1499,-22.4080292236
1500,-22.6947338414
